128652 47794 1
234653 16801 1
313727 216 2
9389 28664 1
254434 4526 1
174830 8208 1
273359 129069 1
212288 42182 1
317353 96469 1
66669 128773 1
4322 20385 1
95989 21017 1
328667 677 1
332203 14454 1
46437 12013 1
162066 301504 1
35144 14577 1
236719 2874 1
219814 9964 1
321121 212069 1
22479 1553 1
296688 6897 1
17436 2567 1
409236 356 1
402058 11991 1
52418 310 1
307924 3571 1
16801 3998 1
372746 88 2
427576 891 1
65173 235766 1
274612 26051 1
40848 2166 1
361440 519 1
58492 957 1
253959 69237 1
70934 18285 1
15436 26 1
343459 16344 1
128709 113238 1
56272 14557 1
118430 16783 1
293594 12951 1
324927 47794 1
393462 22823 1
69251 40797 1
195798 979 1
445574 239782 1
60952 8767 1
360468 16537 1
437053 2138 1
158796 88 1
299192 14648 1
90883 31222 1
333650 34268 1
131323 1988 1
130274 304738 1
41212 88 1
10199 190538 1
309658 349 2
195138 88 1
265011 88 2
159562 3549 2
245320 19477 1
116571 10964 1
247787 703 1
269360 12270 1
297074 4535 1
80037 9964 1
211541 115382 1
439554 51 1
412959 149388 1
367308 677 1
50350 144380 1
421261 88 1
118735 164351 1
71529 206 1
366173 101142 1
385029 14454 1
440118 5226 1
351389 88 1
14307 22311 1
441417 88 1
9977 9974 1
136584 27712 1
280309 14454 1
247673 96963 1
343860 106825 1
60672 21872 1
391176 3998 1
274897 31957 1
124771 315006 1
84371 81756 1
156638 35843 1
411573 26040 1
47566 327 1
130522 14075 2
9603 8294 1
360886 34625 1
328633 8806 1
258454 5438 1
7242 4509 1
181176 89925 1
43872 50901 1
62891 6373 1
27034 11692 1
9347 7274 1
196276 3998 5
295643 12473 1
230291 191867 1
35322 27004 1
176052 677 1
31468 13784 1
369925 68278 1
296902 249429 1
347313 34719 1
238616 35366 1
287336 7436 1
207891 16358 1
36079 44052 1
79927 39029 2
76364 37505 1
352269 90871 1
370345 283 1
147510 59326 1
150422 330208 1
324933 330 1
10087 56968 1
30420 17966 1
134603 39464 1
127855 3777 1
174817 179473 1
25340 25339 1
435926 198048 1
2421 14454 1
451836 5193 1
388150 49182 1
194996 8005 1
439250 1880 1
226946 216 1
342834 88 1
111387 145541 1
43267 505 1
370614 110278 1
121362 485 1
189932 113053 1
100371 2567 1
339154 261051 1
51707 1276 1
103447 46117 1
385993 143752 1
409879 35481 1
67791 121233 1
44279 69556 1
150925 58736 1
326621 47490 1
159166 14615 1
197102 3998 2
118527 26186 1
360407 39928 1
21170 77 1
129147 28285 1
199775 47666 1
178928 1852 1
171129 301 1
395472 4134 1
99338 304907 1
329592 86824 1
119042 71890 1
298095 14557 1
44249 9762 1
455736 677 1
321335 14075 1
411466 19870 1
7151 2166 1
153132 2173 1
129625 15 1
338414 52474 1
358688 21533 1
377587 206 1
314184 8110 1
223788 18388 1
210710 18325 1
390671 51757 1
89173 50865 1
95052 7533 1
307767 62378 1
301752 37532 2
372660 57275 1
434598 14648 1
152154 41466 1
309738 61978 1
185188 205 1
233097 31650 1
105382 16096 1
73119 965 1
327222 5226 3
166971 88 1
20923 64253 1
308223 43544 1
35161 28664 1
450434 49701 1
44290 47759 2
288747 109397 1
32534 39885 1
47460 3547 1
317274 283777 1
236757 677 3
220129 677 1
252714 1274 1
76416 18893 1
174658 857 1
23706 27627 1
198639 2174 1
372933 4888 1
316270 274 1
157880 7401 1
126807 365 1
144484 91954 1
151087 5226 1
364801 7514 1
233489 4208 1
336716 85437 1
164624 168825 1
214050 42643 1
309547 39422 1
424858 5033 1
205062 1896 1
330220 40797 1
245324 88 1
138930 957 1
444823 55951 1
291205 2280 1
386856 7437 1
136465 24224 1
19233 9964 1
98116 2055 1
396180 31957 1
245105 36371 1
111246 43901 1
199648 55168 1
368126 35481 1
25074 35731 1
238722 260698 1
262343 301 1
68700 235 1
31007 220 1
189900 57659 2
348392 88 1
317024 57958 1
376879 14572 1
269173 1231 1
204839 85592 1
262060 34800 1
195078 66350 1
385902 12281 1
94219 61481 1
45905 14454 1
31429 13821 1
619 64328 1
105819 31209 1
191006 4378 1
153163 27041 1
50784 1988 1
148884 3233 1
346562 144615 1
354876 298 1
104870 40164 1
362577 5226 2
201369 40298 1
153471 7690 1
11687 44794 1
342413 43901 1
182716 382232 1
61097 14549 1
454787 65301 1
317669 15 1
39674 106574 1
321910 2353 1
231688 88 2
143412 38790 1
148973 1988 1
66088 38673 1
310020 385477 1
165467 3393 1
240312 17004 1
289021 130412 1
147365 6897 1
130263 35843 1
113686 88 1
392394 101859 1
294401 59332 1
443947 15 1
155706 12498 1
136661 45229 1
151570 137788 1
55340 15940 1
273548 7533 1
272893 45144 1
123389 15538 1
441206 14549 1
455573 138 1
33977 677 1
406376 71711 1
378363 4526 1
354151 37561 1
82318 57105 1
195752 51757 1
186718 39420 1
3653 88 3
285820 15538 1
444509 20096 1
424305 132690 1
32302 88 2
389509 27744 1
276285 9133 1
138482 220 1
309588 109352 1
135415 243446 1
168565 6148 1
298254 80255 1
239853 8208 1
219802 120347 1
35619 160420 1
52230 88 1
292736 1553 1
439001 492 1
158429 677 1
113401 57213 1
271135 138 1
263857 8208 1
124801 35843 1
87587 50175 1
124638 14248 1
420014 68278 1
444529 30179 1
367957 14611 1
149353 3808 1
186711 63502 1
14546 8694 1
217197 15461 1
419124 68278 1
391247 90107 1
436773 8 1
2417 519 1
56330 349 1
19178 47794 1
247785 15538 1
251976 14454 1
61693 47794 1
146874 12465 1
317714 19426 1
136505 49179 1
20078 4642 1
316865 78808 1
146755 4893 2
122361 3393 1
345822 1267 1
140763 35366 1
51696 57254 1
123548 74920 1
18138 50901 1
284590 59542 1
345484 276285 1
72673 43914 1
157585 13416 1
81001 1837 1
78653 15202 1
245764 4200 1
321628 5193 1
60605 2567 1
181920 18662 1
34073 38377 1
318082 92608 1
328187 99921 1
402804 6940 1
443832 122469 1
289316 2417 1
92485 77068 1
248882 383 1
157829 1270 1
304039 189696 1
211084 8135 1
187738 13813 1
347295 143824 1
234742 3237 1
180293 220 1
358381 50361 1
154658 9964 2
26363 35134 1
451855 75369 1
247125 463 1
235057 14454 1
319771 57122 1
174841 6 1
275537 49182 1
95583 36748 1
54343 14064 1
88924 3571 1
279734 5516 1
47168 14588 1
287656 246784 1
138220 7434 1
306767 54978 1
323565 1503 1
153272 13809 1
193860 20322 1
317415 91448 1
64245 122811 1
9594 41278 1
430487 7956 1
384042 14672 1
385000 76165 1
276475 409321 1
193761 16450 1
347910 104254 1
306 43 1
113223 208754 1
111104 68303 1
199677 6713 1
111217 2177 1
441370 641 1
112596 52514 1
163322 42182 1
220676 677 1
226347 16715 1
29526 2055 1
292675 15998 1
216709 88 1
330750 16452 1
77094 349 1
433477 433476 1
373767 14572 1
250034 219683 1
240544 13808 1
381064 14650 1
247844 118818 1
131941 5245 1
41135 2395 1
230317 8603 1
4279 5226 1
453024 2368 1
77179 248824 1
103259 268 1
358646 519 1
373145 1877 1
351912 336015 1
389173 5438 1
259123 105460 1
425941 294416 1
73927 14557 1
282006 37451 1
127475 261094 1
285155 60512 3
42959 632 1
320390 20919 1
21759 127174 1
212999 2059 1
171898 9964 1
190974 8005 1
304437 31240 1
167186 1267 1
42182 11991 1
323910 1253 1
226692 36744 1
373908 356 1
191507 15590 1
79134 88 2
296437 68278 1
14825 2166 1
419672 11149 1
323351 29225 1
229752 5245 1
41736 187701 1
260893 81427 1
184625 12513 1
62705 33749 1
25099 38978 1
26177 349 1
133378 21296 1
15840 141758 1
117104 40297 1
236341 356 1
158706 14075 1
124386 138 1
79134 6385 1
378503 28516 1
179939 14615 1
339227 39511 1
206812 245 1
259330 259329 1
60559 14454 1
240853 134980 1
437050 250519 1
76934 387 1
260957 248 1
36085 13416 1
291598 5226 1
303896 37561 1
99207 22740 1
263930 15538 1
356350 24458 1
380582 95905 1
256550 1062 1
100751 3571 1
14125 4132 1
446921 239782 1
98332 29978 1
299672 42929 1
310159 60695 1
318122 1988 1
10765 14813 1
448528 16783 1
246331 2055 1
332190 16440 1
180193 138 1
401447 365 2
367768 283 1
41019 463 1
305379 236 1
102511 29864 1
268855 283 1
116744 59893 2
67890 77 1
231561 88 2
21382 84219 1
197891 6971 1
60652 2567 1
219987 88572 1
91847 979 1
451175 285605 1
302713 226013 1
263886 103612 1
4151 10693 1
16931 5236 1
121223 18662 1
274553 37532 6
117808 27738 1
359665 50361 1
257275 1503 1
339042 14454 1
268031 245 1
397263 14572 1
226311 226309 1
133442 31650 1
183711 349 1
48422 1270 1
117975 1478 1
77562 511 1
325718 57122 1
176992 3237 2
84687 40749 1
184550 88 1
250765 170998 1
384848 3479 1
150759 125032 1
254118 8208 1
80746 13122 1
24364 189 1
287311 3115 1
414521 283 1
363306 34306 1
320474 19870 1
166294 3571 1
12336 12324 1
397381 3571 1
75081 468 1
257818 14454 1
152296 677 1
85668 14454 1
157722 14454 1
188384 1274 1
40973 465 1
36507 14351 1
166958 980 1
281584 4444 1
154464 38022 1
65251 51704 1
397010 2824 1
268887 268886 1
150240 182923 1
72643 51 1
372701 3994 1
303602 36558 1
31636 108562 1
101668 677 1
360296 26352 1
322459 677 1
423053 981 1
169096 26 1
246600 88 1
334278 25228 1
61393 26544 1
409825 140893 1
183485 12999 1
176506 374 1
129759 2347 1
63252 50476 1
386588 301 1
32322 17312 1
172475 102920 1
44678 9363 1
412556 14454 1
116163 58744 1
363651 8806 1
451130 14454 1
328266 2348 2
105097 15769 1
38642 156668 1
30875 8603 1
71947 1852 1
248712 91115 1
440027 3571 1
256571 243 1
125897 8135 1
174289 387 1
237360 7698 1
20083 20050 1
50251 33833 1
317733 13416 1
29834 12616 1
83278 17361 1
177791 42394 1
260811 381613 1
397577 31549 1
227797 15821 1
44413 768 1
213519 121548 1
448275 543 1
243818 49440 1
85213 91500 1
43726 2634 1
365466 365465 1
54359 34959 1
54446 240 1
183327 55597 1
4514 47124 1
288396 75369 1
77132 22926 1
331386 353667 1
336733 11103 1
128188 30035 1
242560 172338 1
266173 119920 1
43111 12687 1
397634 14549 1
144891 101115 1
35371 186796 1
200042 151041 1
362475 4730 1
188688 14454 1
275222 195048 1
86872 14845 1
428311 310 1
166169 308 1
199727 13416 1
441510 2287 1
221484 77179 2
364251 138 1
78277 12030 1
325808 19870 1
220058 139226 1
204326 330 1
260552 6 1
178061 14625 1
335792 1553 1
297561 236 1
25496 2157 1
330070 19913 1
437011 9881 1
25968 110154 1
396477 3571 1
76823 24539 1
315121 356 1
31865 345298 1
108189 107948 1
172239 253532 1
375886 11946 1
124229 156910 1
130246 47794 1
245110 14648 1
383732 88 1
87343 2059 1
408222 12510 1
395222 9964 1
437224 171 1
295228 14454 1
181627 8 1
269565 58565 1
7555 3237 1
248575 6971 1
376251 3502 1
234451 677 1
397851 3119 1
239910 5489 1
128975 11844 1
179463 88 2
192434 301 1
166291 69417 1
301616 34719 1
304850 45004 1
109001 1988 1
348004 53135 1
14212 27120 1
49188 232819 1
383576 39511 1
203450 103080 1
121289 9868 1
159620 677 2
368997 368996 1
440554 2014 1
417755 4177 1
172390 18323 1
246555 15083 1
422146 57 1
41452 121428 1
163632 7960 1
310821 73478 1
21236 26312 1
117661 14577 1
254542 14672 1
275777 36660 1
200450 59291 1
368193 16687 1
163902 88 1
163116 348349 1
77377 249872 1
349330 37523 1
152244 73327 1
329201 97338 1
345818 37532 1
396201 12475 1
37685 506 1
113167 9707 1
5751 9584 1
289127 19913 1
42902 1988 5
380086 14604 1
51967 8135 1
416800 465 1
167245 43607 1
424790 57543 1
67002 13798 1
395552 716 1
160898 677 2
88003 6660 1
290870 12510 1
145214 8247 1
22450 677 1
385983 6969 2
313109 68278 1
356739 14454 1
332510 2670 1
412336 48073 1
380511 248 1
59915 349420 1
21658 12513 1
79086 75846 1
263296 31957 1
1942 376 1
198300 31450 1
5087 27484 2
138073 60169 1
391565 383 1
30323 25063 1
5087 27483 1
204218 31240 1
206044 14650 1
25031 511 1
11570 9964 1
38726 57024 1
51691 26352 1
291432 65380 1
228311 285913 1
29542 1896 1
228311 285914 1
20632 26787 1
230413 979 1
340414 14572 1
58876 78114 1
315997 26186 1
5047 301 2
180347 61886 1
66969 54657 1
205458 677 1
414966 677 1
171721 141814 1
332960 3020 1
230872 4376 1
415698 12473 2
409518 299221 1
128160 57990 1
385830 14454 1
54633 44112 1
53637 5226 1
140301 17939 1
303957 245 1
323968 7627 1
293092 1880 1
258746 258747 1
248202 979 1
427614 1852 1
343048 11891 1
210285 77427 1
140613 93162 1
361163 88 3
306214 4446 1
125033 142913 1
14514 132690 1
242651 88 1
376354 19913 2
80864 88 1
243618 88 1
259122 18831 1
175065 14813 1
22924 13795 2
65462 10924 1
279090 3235 1
168049 168048 1
183549 31650 1
15169 15926 1
204145 220 1
65572 5155 1
134792 46192 1
311160 57882 1
323394 16460 2
98703 18168 1
142904 91430 1
436093 3990 1
386255 96243 1
114206 9941 1
162716 1214 1
409284 14454 1
207276 10907 1
33548 301 1
36847 28940 1
76631 52387 1
201223 9964 1
256770 81784 1
40172 1637 1
153090 100921 1
20911 16527 2
431348 3571 1
24530 765 1
454909 44135 1
372871 97197 1
277844 286736 1
269480 88 3
55896 3571 1
258185 88 1
8175 17966 1
413223 6969 1
280468 83947 1
13955 677 1
374470 16358 1
411989 7590 1
264719 235183 1
132695 1852 1
180603 220 1
144005 13638 1
115648 3549 1
442747 300710 1
370271 677 1
85128 148508 1
408402 15 1
162756 104785 1
403941 68278 1
122155 3549 2
58328 50679 1
39125 88 1
217043 134638 1
413588 3972 1
44659 147241 1
423545 369028 1
251133 677 1
320016 157359 1
121292 1276 1
406953 75369 1
367251 151323 1
270174 1988 1
365131 60021 1
344130 109077 1
143670 88 1
360828 14454 1
115005 519 2
182224 70759 1
324611 307066 1
384297 14376 1
89045 62125 1
5592 15821 1
331690 35481 1
236775 24 1
77241 131376 1
25208 88 1
46455 39874 1
451460 268 1
332590 20483 1
217110 5516 1
404747 121293 1
41621 1757 1
221526 59001 1
224483 6674 1
438614 79648 1
345927 6948 1
91574 1988 2
51816 19913 2
100698 70590 1
326171 55560 1
446506 62560 1
439698 31534 1
154274 13813 1
416456 12473 1
123953 3379 2
200498 4526 1
50711 511 1
395008 26352 1
81470 182685 1
320916 35025 1
337103 138 1
229158 132690 1
285754 22774 1
129569 14454 1
93456 6761 1
336031 49182 1
183154 519 1
36053 36076 1
129545 38448 1
402526 205 1
252226 99839 1
184288 511 1
141854 1971 1
439743 21533 1
20151 22773 1
276902 88 1
255451 3994 1
272776 59324 1
355954 355956 1
327006 134837 1
410524 5033 1
351574 36425 1
367874 323 1
84198 11946 1
221484 77166 1
434632 15821 1
30069 677 2
332335 294210 1
368791 62179 1
192272 294416 1
175577 9964 1
87859 14064 1
213560 3998 1
28367 54077 1
208945 14454 1
272523 26 1
118765 14454 1
207934 138 1
28620 99369 1
298797 96530 1
159722 11603 1
186574 88 1
74258 88 1
324680 106282 1
9304 2173 1
286993 286995 1
403251 14454 1
314115 68282 1
72557 14454 1
84896 33840 1
267507 63 1
156844 9858 2
312735 130943 1
119356 34284 1
198856 211 1
212593 85476 1
313638 14454 1
312932 75369 1
197681 19922 1
366406 88 1
170699 13799 1
55751 88 2
55012 40 1
275930 245 1
275091 100359 1
17959 3571 1
122870 101502 2
162669 349 2
447833 519 1
444927 7540 1
77767 14454 1
302992 677 1
335463 239782 1
240382 16527 1
240382 16526 1
50305 14064 1
321353 114415 1
35896 10567 1
4135 23389 1
250872 816 1
376838 33476 1
249302 88 1
331027 225908 1
10475 41733 1
8646 3390 1
419589 88 1
230100 677 1
318411 12928 1
23386 35843 1
329928 2164 1
428718 11998 1
308808 159710 1
337492 14615 1
45336 8135 1
328804 62217 1
68884 1988 1
381905 31957 1
282926 277239 1
338292 349 1
192724 9964 1
451377 88 1
264006 95905 1
195408 11792 1
401139 366519 1
45269 36368 1
171191 81175 1
240911 3341 2
154314 10107 1
82019 66423 1
56426 50321 1
997 1844 1
275681 133572 1
41351 7689 1
442963 677 1
162957 33601 1
302023 12281 1
360528 14085 1
166566 14613 1
78990 49182 1
39633 134304 1
363302 64203 1
231557 511 1
284580 301 1
18066 87681 1
466 35843 1
347170 49274 1
405722 8806 1
183573 222991 1
316893 14572 1
96755 23956 1
94394 100865 1
191267 9363 1
423870 240 1
399148 2138 1
69157 30228 1
51805 130884 1
27705 14588 2
37591 13416 1
196283 13813 1
184945 3571 1
399128 157551 1
285264 407780 1
305672 100359 1
328962 14572 1
101357 58522 1
290070 230618 1
262833 9964 1
306571 100670 1
452753 31650 1
424075 138 1
454255 8282 1
99791 31650 1
160800 28741 1
431051 3994 1
121418 22792 1
180156 308 1
376422 13416 1
66431 21996 1
73558 204654 1
81696 88 4
104240 251418 1
133173 84 1
107600 34 1
253172 120908 1
43837 37342 1
364536 1988 1
188043 101327 1
12963 154350 1
263928 42291 1
121053 32226 1
449566 13813 1
3593 4665 1
172055 22816 1
215412 14454 1
319640 34963 1
313397 3549 1
34911 2342 1
129351 5011 1
221103 1988 1
155458 8767 1
411990 88 1
34324 62906 1
102386 16527 1
102119 82330 1
347235 3979 1
200449 55382 1
143559 168934 1
373422 7960 1
383618 8767 1
129819 280 1
254048 759 1
449279 2347 2
61005 349 1
82263 14454 1
103247 111091 1
271038 1343 1
230115 128776 1
59874 33197 1
80005 79998 1
81965 12169 1
182822 115382 1
60162 103612 1
23220 98637 1
89469 23680 1
62425 88 2
414172 63327 1
159659 2287 1
286698 294192 1
292402 7533 1
170374 152632 1
171822 17970 1
229779 84077 1
108162 5299 1
237399 51444 1
29542 41634 1
144313 3237 1
341967 2689 1
454061 209753 1
388502 388501 1
102486 14648 1
135343 327 1
276707 4446 1
37487 63223 1
210399 349 1
407185 26158 1
419750 113841 1
428071 85599 1
298614 2567 1
65150 16546 1
77241 77211 1
161192 2417 1
218303 14454 1
192350 492 1
9181 77167 1
265926 69417 1
400838 19913 1
110807 4893 1
46654 48680 1
31946 194255 1
39097 9168 1
233124 27712 1
204201 3571 1
386810 367904 1
254166 67692 1
238111 5438 1
245798 170950 1
397060 14454 1
139297 47756 1
256875 3235 1
239485 283 1
57812 44212 1
239423 60021 1
443297 66278 1
87078 12755 1
249161 891 1
20727 1988 1
171684 19362 1
503 9964 1
37804 6742 1
252442 3298 1
242444 822 1
319 204701 1
77569 49182 1
113599 71 1
171671 283 1
230569 253585 1
147392 280 1
4021 98988 1
212999 40610 1
228092 3571 1
418109 418108 1
128150 49176 1
318057 6961 1
364608 4637 1
246450 15 1
49351 6763 1
387231 62542 1
308690 16440 1
360185 7533 1
158696 356 1
241617 56968 1
262098 32972 1
368901 17004 1
30195 77780 1
89724 7785 1
448210 11991 1
208036 65186 1
29214 1548 1
206764 68713 1
4613 189 1
220981 3571 1
168820 1988 2
231117 677 3
390708 143824 1
155971 39899 1
165428 19922 1
71898 8 1
383603 12510 1
378660 40282 1
244599 92 1
280797 225104 1
243847 37502 1
36059 116511 1
408510 57122 1
313912 302945 1
245082 220 1
391909 16460 2
11654 9964 1
409092 34719 1
160553 23451 1
343795 98204 2
119001 86810 1
85843 35843 1
453806 3571 1
58850 7744 1
182012 10964 1
258665 11991 1
105843 88 1
452196 14454 1
11731 1343 1
276396 822 1
973 7501 1
211096 1503 1
301855 62216 1
439614 3237 1
226672 8984 1
137281 60686 1
431950 16358 1
10107 299970 1
173261 16519 1
170952 20276 1
26436 8942 2
37443 4182 1
119890 519 1
109587 26807 1
348642 59545 1
125116 217258 1
240670 14454 1
137477 3393 1
79137 9964 1
216580 503 1
319417 286762 1
319575 53857 1
46713 2014 1
77001 16441 1
101502 66778 3
330883 31957 1
135300 40293 1
162332 1837 2
8138 8130 1
393039 32972 2
417626 36371 1
99251 14454 1
401087 14454 1
66203 519 1
19151 459 1
54467 2932 1
338842 68099 1
165683 17552 1
360036 8603 1
386436 140013 1
254417 3998 4
172770 17871 1
295326 2014 1
37325 62130 1
145836 3549 3
435508 194040 1
351845 20050 1
102430 57105 1
241093 191752 1
364027 283 1
273986 1984 1
441543 12687 1
60629 14415 1
171260 7698 1
50250 16344 1
270979 7756 1
229447 1988 12
114841 8303 1
75020 2188 1
107761 170923 1
303468 198079 1
6053 63931 1
344500 100685 1
316633 53817 1
82720 2671 1
393316 8498 1
184837 106439 1
183328 31650 1
15483 164452 1
119551 92080 1
114287 5245 1
450035 14454 1
214785 37502 1
100463 459 1
95081 6948 1
282321 11946 1
137237 13506 1
130217 47794 1
402272 35481 1
60324 33849 1
364151 20920 1
90457 816 1
356521 68308 1
193199 17507 1
398238 59702 1
247488 283 1
333909 68278 1
166035 180857 1
311445 87213 1
321495 79724 1
48257 327 1
42099 519 1
19265 6150 1
319271 25664 1
248464 37568 1
368077 20522 1
144854 2221 1
293620 72632 1
4663 12687 1
23398 17361 1
366186 283 2
53729 91 1
32452 5245 2
149767 65380 1
344573 4916 1
324952 68278 1
15469 5245 1
363445 88 3
228785 23019 1
203521 4875 1
129129 109007 1
373409 353759 1
150966 14454 1
358687 265467 1
194674 205 1
340373 59945 1
325128 14625 1
100977 61527 1
142290 4368 1
181540 2166 1
46295 45006 1
75828 38398 1
45856 33831 1
125593 88 1
108703 86241 1
432364 8135 1
129254 26158 1
394959 203735 1
427776 9797 1
386390 17485 1
13654 677 1
317289 4214 1
107885 7566 1
398297 14677 1
269960 236 1
139702 227066 1
244548 307066 1
24350 1988 1
62454 2567 1
166468 31975 1
217502 104448 1
32166 88 1
220527 88 1
322615 57161 1
362875 191752 1
451387 16011 1
230098 677 1
73130 18700 1
147855 6241 1
271200 18231 2
324804 88 1
323617 272192 1
331651 489 1
355825 9964 1
186296 891 1
241389 12687 1
14565 101039 1
263434 62943 1
184548 88 2
135566 314 1
152814 891 1
226779 225909 1
344623 6971 1
362195 74783 1
329924 762 1
91568 73933 1
70029 130884 1
367402 7436 1
155237 5508 1
339825 335 1
144053 3998 1
348915 69417 1
224722 485 1
275944 285252 1
424677 11792 1
201719 88 1
61655 1852 1
35139 14625 1
221402 301 1
320835 249654 1
433485 31975 1
389323 14648 2
265477 16338 1
192458 14557 1
393136 393135 1
336951 6742 1
210487 19913 1
294738 283 1
352414 35481 1
158273 3571 1
47462 677 2
295275 205 1
347864 19913 2
164421 14549 1
158076 158075 2
112805 25063 1
343492 28664 1
370779 283 1
103620 16740 1
76680 28664 1
448543 29233 1
130586 88 3
51362 15 1
114674 4076 1
373579 110210 1
95616 4535 1
79538 2378 1
6482 12698 1
409733 34268 1
211190 11803 1
97480 2567 1
179294 18662 1
79675 88 1
379365 14611 1
338181 220 1
157187 1239 1
323767 14650 1
408288 14572 1
170070 54550 1
3331 2169 1
316972 71 1
297200 6940 1
416986 88 1
29902 29893 1
144771 41723 1
39953 26398 1
56319 11036 1
84393 519 1
9263 106 1
73148 85042 1
362551 35481 1
204279 19922 1
105373 11660 1
354434 1503 1
341930 8 1
406418 215583 1
250347 175627 1
204743 6940 1
180382 979 1
454148 232659 1
182079 29654 1
376238 10330 1
81105 18099 1
274141 8306 2
186066 248 1
453208 73949 1
284328 3571 1
288973 14454 1
121376 39164 1
133454 10920 1
56085 234790 1
12086 92 1
141120 17891 1
155255 1663 1
303230 132091 1
163739 53282 1
67049 1274 1
64134 349 2
263780 77432 1
156747 677 2
245737 234651 1
341218 116024 1
395838 62428 2
193866 463 1
242499 63748 1
397743 16344 1
268002 10942 1
160990 201844 1
21761 2567 1
374962 32972 1
184966 5245 1
154503 2320 1
94437 54226 4
264490 7340 1
97861 113099 1
359505 96622 1
393006 18388 1
203438 168027 1
291630 4895 1
444845 361382 1
230479 230478 1
424043 677 1
86501 77 1
11820 16572 1
442357 33488 1
171116 110903 1
71776 15 1
426884 2360 1
4574 3571 1
315092 384761 1
93135 31650 1
289216 15345 1
101023 1988 1
263609 17490 1
196136 5335 1
161913 14454 1
79007 40323 1
389659 230504 1
212813 40610 1
274219 14648 1
317004 57916 1
156436 16785 1
29960 41132 1
146346 3164 1
19631 4425 1
158057 446560 1
166216 26486 1
61251 14650 1
424614 27744 1
213719 57105 1
35154 2177 1
112162 33070 1
81754 94 1
324927 505 1
439929 23722 1
129041 14454 1
267681 8959 1
417544 14454 1
48637 11945 1
280740 7533 1
34151 23119 1
253768 57024 1
315064 59797 1
197387 67950 1
321703 250 1
106809 57105 1
252359 205 1
313486 125233 1
56536 22926 1
26549 26551 1
337375 88 1
448182 85437 1
241620 34181 1
199677 6693 1
391405 85766 1
359115 74797 1
234438 15769 1
442502 206 2
393832 60350 1
148972 88 1
229516 677 2
35209 1134 1
266141 27179 1
145883 2165 1
424833 14539 1
226193 90374 1
398022 3549 1
157095 2342 1
121054 2353 1
334225 677 1
282232 282233 1
281706 19159 1
243230 88 2
395840 157348 1
340260 27004 1
304831 283 1
131638 143205 1
149790 1503 1
157074 4446 1
171637 205 1
4178 1988 1
314068 327 1
332516 50361 1
70808 321767 1
96956 6948 1
386563 2567 1
361667 68099 2
64399 1343 1
28334 184950 1
253164 2567 2
209398 167020 1
7457 8016 1
101405 51742 1
322971 14549 1
415073 15499 1
252092 220 1
233913 677 1
68127 14611 1
179151 335 1
242167 138 1
332086 340526 1
272939 95905 1
37986 489 1
268454 31443 1
320991 12281 1
299601 86 1
393233 267718 1
106554 3393 1
326685 289007 1
206001 177812 1
37613 13416 1
100171 88 2
86368 20385 1
24577 74168 1
92348 24802 1
449406 13912 1
20190 16607 1
147144 2567 1
127218 10853 1
132353 1852 1
108965 4629 1
15794 15799 1
165869 5335 1
43554 387853 1
122184 17892 1
228594 12281 1
101033 16527 1
73622 226 2
219618 15691 1
147861 3571 1
377561 97185 1
24818 15769 1
121474 6657 1
52058 5226 1
251088 8021 1
414907 53135 1
385840 312868 1
203472 30525 1
220981 13808 1
50229 81185 1
44009 13808 1
16035 412 1
456142 310 1
354691 3376 1
222034 2567 1
319620 7274 1
452892 1880 4
72570 37964 1
240191 86 1
310193 1988 1
318575 63931 1
216994 7436 1
213759 53741 1
261776 16537 1
286412 3443 1
109629 69788 1
98981 677 1
419657 205 1
206562 2368 1
56426 35843 1
418656 53514 1
112588 385 1
327890 3393 1
94156 88 1
209951 14664 1
98224 222050 1
431856 14454 1
95231 60146 1
421338 960 1
51638 39420 1
254354 348830 1
262276 3795 1
293598 75780 1
77600 396 1
50667 62490 1
227263 88 1
385122 5207 1
393511 5226 1
410784 83378 1
344916 75369 1
21929 171 1
430532 405968 1
148224 4561 1
196174 1988 1
227127 1988 1
91659 180378 1
147170 26186 1
250008 433454 1
63369 31549 1
292344 236 1
374103 330229 1
268455 335 2
217406 752 1
86158 677 1
105510 75527 1
86368 12022 1
63968 1988 2
73141 6044 1
62195 146766 1
69513 35481 1
223014 422998 2
435454 19153 1
139901 39874 1
354268 19913 1
32262 173642 1
451681 50266 1
194058 88 1
125346 2080 1
428266 16460 1
379337 56711 1
25907 88 4
266288 12265 1
266387 229 1
357669 280 1
119111 16801 2
143681 162200 1
109001 5226 1
394102 3237 1
104827 8306 1
134040 677 1
454551 4446 1
232132 89020 1
52420 52502 1
378117 14454 1
81190 5280 1
409 349 1
5451 995 1
132383 88 1
258181 1988 1
369356 248 1
436444 88 1
106082 92575 1
447896 69237 1
139960 3479 1
237418 2280 1
134472 35843 1
344163 220 2
83736 349 1
5679 5673 1
326657 30992 1
357999 979 1
117019 8767 1
397284 1276 2
162598 37341 1
202683 88 1
154848 197876 1
34766 1971 1
379565 1503 1
137266 59012 1
82942 359763 1
33536 50733 1
413162 1988 1
398231 101894 1
112137 2934 1
233798 14596 1
269925 16783 1
259886 68278 1
429556 37761 1
358790 153230 1
391238 38448 1
289048 23451 1
75511 7533 1
297239 220 1
205103 88 1
425868 138 1
452524 677 2
175278 217680 1
10214 108925 1
172121 759 1
67299 191560 1
36973 8271 1
219441 2567 1
314325 314327 1
343612 16440 1
81747 14454 1
379989 96622 1
45337 7479 1
223943 23464 1
154314 33083 1
335350 88 1
397558 32972 1
194880 31380 1
332361 167115 1
80748 1988 1
58847 7643 2
270182 86071 1
395856 16801 1
72499 88 1
335492 55471 1
310366 3994 1
206244 209341 1
263353 2347 1
253010 253011 1
197374 83828 1
288704 113823 1
128207 91 1
250998 15 1
100214 136485 1
46879 229 1
58259 88 1
277064 320567 1
9634 5245 1
146567 8005 1
109647 13821 1
94256 4708 1
375774 12223 1
192974 4444 1
65907 25108 1
9206 9226 1
360262 34268 1
301732 2813 2
393417 213 1
188203 98070 1
37851 88 1
293630 76625 1
354882 5793 1
207170 61130 1
243491 71545 1
348778 88 1
107645 26398 1
14900 171456 1
176481 8005 1
450630 14454 1
358294 1988 1
194802 3571 2
37482 15140 1
22674 4 1
355053 14454 1
200323 138 1
27584 387 1
190993 7533 1
332848 225087 1
221294 519 1
224307 31650 1
390005 88 1
452442 2348 1
92239 677 2
128657 123075 1
220786 88 3
76165 5226 1
116910 3571 1
430261 57122 1
41596 1062 1
30294 14611 1
294751 88 1
411214 1988 2
146066 171398 1
48039 205 1
417716 33461 1
184016 716 1
158573 4526 1
184449 8395 1
135602 3807 1
380658 120136 1
75552 2634 1
439854 14454 1
176911 216 1
124831 349 1
194563 12473 1
240460 36368 1
31357 7274 1
344951 31028 1
254921 1988 1
67142 349 1
374523 423525 1
454378 11549 1
334202 206 1
228278 85719 1
325199 301 1
14438 9337 1
258987 283 1
114837 106803 1
45951 2567 1
235825 891 1
368377 3549 1
13533 12549 1
278194 5193 2
328176 1877 1
206275 34227 1
360607 1553 1
196834 2055 1
230921 14454 1
211999 211998 1
201647 201652 1
162363 137730 1
7985 670 1
58961 301 2
31733 3547 1
58022 57122 1
13557 3998 1
103707 3998 1
451713 1343 1
83645 5890 1
181111 37505 1
57965 108150 1
425483 88 1
163217 14642 1
185607 15821 1
98885 2795 1
77005 1837 1
215766 3549 1
239439 71 1
316486 62897 1
289852 198048 1
60799 59542 1
35375 184674 1
47509 13633 1
203926 1837 1
241693 677 1
278103 72382 1
80314 979 1
9906 2280 1
118889 101447 1
151460 7436 1
367368 14564 1
72413 206 1
328399 65176 1
419859 234284 1
152408 103862 1
237574 15000 1
194090 64280 1
79048 56684 1
292540 88 1
131116 37561 1
187479 349 1
441022 44863 1
49230 349 1
317429 12022 1
236824 4076 1
84219 73710 1
137749 832 1
207147 206 1
235795 1276 1
70236 468 1
71401 20050 1
171548 9881 1
453991 2695 1
397046 128559 1
369037 7698 1
132596 85386 1
119281 27672 1
410079 88 1
47581 2179 1
29525 77 1
174063 14615 1
59406 50325 1
7456 19663 1
19881 13758 1
186727 22740 1
345368 44036 1
264675 431453 1
256482 39511 1
56447 53222 1
285427 14564 1
345896 38448 1
144003 88 6
74016 74040 1
148002 387 1
312583 68278 1
137587 11880 1
3421 8321 1
362298 3235 1
77865 1361 1
248815 92439 1
266922 122786 1
212546 102791 1
90274 35376 1
216175 5193 1
241155 220 1
92739 16801 1
447625 6968 1
304313 12510 1
48951 3726 1
392415 89805 1
50144 9396 1
14527 7785 1
222456 3549 1
267484 236 1
131538 14588 1
408266 301 1
196228 51715 6
128914 21634 1
9429 87460 1
22701 2517 1
47155 14454 1
425446 9251 1
88065 7274 1
15414 1267 1
22485 5335 1
60415 14682 1
297957 34959 1
214024 11991 1
427566 2055 1
316075 19913 2
128673 14625 1
216369 485 1
62406 36436 1
33387 519 1
209511 264733 1
232920 34268 1
45574 97079 1
403592 2795 1
198826 14650 1
307771 87263 1
160551 25068 1
336405 40797 1
389778 27386 1
112004 1462 1
411279 11921 1
52645 55382 1
145323 1988 1
308967 184188 1
182171 14075 1
33038 4535 1
24082 38391 1
254872 7960 1
304490 3998 2
232791 130336 1
118029 16460 1
85489 3237 1
144345 23660 1
139404 88 1
56304 47794 1
121895 88 1
252046 677 1
169866 22349 1
116537 6940 1
95823 43914 1
120384 83432 1
80861 45322 1
21152 3393 1
385673 52469 2
211104 34719 1
191872 8713 1
191632 7640 1
358597 8208 1
321748 8 1
369324 369325 1
64627 88 1
83503 13383 1
33440 16443 1
208855 80954 1
450709 125900 1
163070 88 1
265101 34719 1
6792 6772 1
272631 39874 1
128168 1959 1
292210 689 1
160298 420452 1
352624 357 1
303072 88 3
231273 60562 1
232330 14572 1
63005 263505 1
242036 30992 1
321458 21872 2
339718 51746 1
442051 128559 1
124213 8767 1
374375 329759 1
27108 677 1
216051 261554 1
216490 27065 1
448020 88 1
438940 14454 1
1626 919 1
71622 16524 1
221441 3571 1
381900 49179 1
180823 39889 1
51586 598 1
22777 4696 1
52665 92741 1
233449 233444 1
96052 28093 1
440771 19908 1
176942 3549 1
164094 503 1
245437 1037 1
212786 53839 1
375668 397633 3
440073 349 1
251099 14615 1
331954 65536 1
326799 59945 1
261375 1270 1
411790 90083 1
58252 2179 1
181461 106957 1
141481 677 1
56101 2218 1
231157 1062 1
8302 50989 1
248491 3549 1
170407 86822 1
420527 26352 1
413821 413820 1
344258 99369 1
344643 8942 1
426084 89925 1
377796 88 2
147177 14564 1
25661 44069 1
391409 248 1
61374 151007 1
68206 11991 1
194112 3845 1
45545 3214 1
238436 68278 1
322087 7691 1
150846 13799 1
99038 14615 1
305104 283 2
234526 14454 1
103396 103388 1
212204 1988 1
44166 5245 1
297162 57138 1
185117 7404 1
265743 3979 1
11673 83105 1
265575 2270 1
362854 1274 1
345236 137605 1
228296 407 1
415874 95905 1
272513 6971 2
438773 69237 1
58522 167602 1
309445 245 1
437338 677 1
202121 19913 1
3041 4182 1
232055 240450 1
219203 89582 1
254055 1877 1
51183 15291 1
396777 50200 1
226431 88 1
415846 69417 1
188012 88 1
371979 42 1
442679 26550 1
19355 1605 1
160286 182918 1
324642 2059 1
354734 179509 1
448941 5137 1
55066 677 1
95592 13383 1
151082 88 1
341317 138 1
426268 14454 1
32410 32421 1
271356 6948 1
155051 155059 1
129281 57105 1
421621 33461 1
414280 68278 1
93955 16225 1
160379 122445 1
6970 6958 1
112651 88 1
222925 387 1
346698 68278 1
196915 677 2
411445 5793 1
403136 323 1
371354 239782 1
61459 31549 1
445242 1274 1
284878 283 1
349541 57161 1
152120 2010 1
202367 15538 1
25517 2179 1
68193 87263 1
437008 60163 1
27709 34268 1
269484 358722 1
8756 57105 1
341131 236159 1
59984 61108 1
100833 2417 1
271166 22814 2
447595 1373 1
139153 138 1
119544 40323 1
448689 220 1
12128 4704 1
61140 96820 1
144849 88 1
272213 245 1
202322 33383 1
147883 283 2
236325 2009 1
131777 36371 1
29495 17004 1
246763 14611 1
144454 4076 1
137256 137246 1
331214 283 1
243784 97875 1
82787 3549 1
215344 191850 1
137587 8 2
270433 236 1
340001 8806 1
452916 1285 1
417059 1276 1
9541 88 1
236498 16178 1
442782 68278 1
293358 29230 1
408095 12223 1
438321 53977 1
188095 3549 1
109782 62904 1
182011 84841 1
137275 137321 1
3981 31650 1
289203 289201 1
259059 8593 1
245559 236707 1
352859 60035 1
49877 2567 1
277733 12281 1
158091 3549 1
112752 9762 1
66389 390 1
238777 356 1
185137 138 1
281241 28652 1
444996 4730 1
362375 16344 1
415809 67032 1
442337 442338 1
107632 3571 1
352521 54030 1
79822 9881 1
83168 14577 1
437160 2671 1
452607 2059 1
210304 91040 1
324593 9323 1
30332 49206 1
143835 27140 1
310225 16533 1
254327 19559 1
234402 12465 1
250741 303887 1
172008 323 1
12810 21371 1
334377 376385 1
233703 71601 1
429235 6948 1
81113 26927 1
388717 40323 1
398052 8598 1
170103 42574 1
125963 59915 1
213556 151491 1
356145 7540 1
163265 43464 1
373153 26352 1
256166 14682 1
396256 979 1
406929 2572 1
396706 368955 1
220800 5716 1
328715 14454 1
631 7312 1
70762 3390 1
221736 979 1
39792 88 1
392668 22349 1
439362 206 1
16114 36541 1
266185 90648 1
49520 95158 1
332605 95905 1
25046 677 1
2710 21752 1
113866 278299 1
266876 106658 1
450451 31650 1
439386 7932 1
75640 39885 1
241145 247202 1
58980 90581 1
97485 24413 1
89707 1988 1
74346 6241 1
192724 3571 1
268624 2634 1
45463 6940 2
48166 21279 1
236080 88 3
349513 14572 1
425486 7698 1
291322 71596 1
26165 135866 1
251577 427787 1
451208 45605 1
281711 7266 1
275338 677 1
62168 19913 1
51181 9964 1
110151 38480 1
220404 3571 1
339106 1834 1
453099 176415 1
259979 7791 1
235449 31086 1
50335 5226 1
329858 95905 1
282186 220 1
339625 259460 1
174313 7627 1
189946 16783 1
157119 1503 1
31733 52469 2
132278 12281 1
271303 102234 1
125248 19264 1
4275 78017 1
252100 40224 1
8646 24994 1
104656 161119 1
173649 759 1
226846 16225 1
133388 259499 1
192997 51734 1
157940 12751 1
289497 57024 1
163482 73933 1
385928 224481 1
17460 36875 1
450562 68278 1
439319 19153 1
442314 14615 2
9224 23560 1
84564 2567 1
30990 29230 1
441891 75721 1
70027 57254 1
24678 27413 1
443383 75830 1
32210 4208 1
342206 67557 1
248440 88 1
194076 9964 1
159057 349 1
208038 42182 1
4066 298 1
343007 14557 1
306760 19913 1
120300 66495 1
88105 308 1
421658 22349 1
48476 168625 1
405524 85042 1
272649 60365 1
129379 44132 1
208333 88 1
204274 3549 1
137978 280 1
192781 168879 1
329145 65008 1
224457 88 2
156074 1373 1
133142 14454 1
195189 857 1
10202 5965 2
175076 88 1
103759 30790 1
165758 3549 1
358696 14572 1
151366 511 1
128576 3188 1
27182 58560 1
160294 1988 1
142439 358 1
196923 408333 1
348475 283 1
1147 1160 1
142560 3348 1
285682 511 1
405223 1881 1
253031 117436 1
91877 115541 1
156402 519 1
23979 13131 1
102682 12224 1
343294 176111 1
228752 283 2
253424 8959 1
268203 7627 1
412076 16783 1
377671 152907 1
121931 2014 1
331745 56860 1
277319 138 1
72488 12469 1
377256 34963 1
216086 36176 1
349449 88 7
387704 39493 1
180314 111131 1
232284 88696 1
171361 2010 1
185897 7640 1
120029 44036 1
271676 14542 1
380857 88 1
340251 2138 1
328882 82268 1
162869 6940 1
88793 25660 1
271257 2567 1
76072 16452 1
116035 468 1
7466 8189 1
338374 14572 1
442312 25339 1
203083 97107 1
198420 553 1
57274 61337 1
21965 88 1
60068 49182 1
418385 5113 1
35184 81785 1
444263 14564 1
305319 550 1
204402 280 1
184001 176237 1
434778 2941 1
360383 12281 1
380849 17004 1
259576 51742 1
62922 1988 2
166623 27738 1
405541 26186 1
248518 245 1
139360 9881 1
78871 39660 1
216018 11991 1
386300 312829 1
296068 6496 1
18906 1134 1
127478 349 1
306273 77656 1
440554 1988 1
89067 48621 1
33835 8767 1
35343 6940 1
172199 116103 1
406578 50022 1
355508 14625 1
217216 4214 1
249596 4134 1
347972 14454 1
37685 2188 1
154133 138 1
412008 307066 1
4600 143824 1
313770 14615 1
409047 65536 1
275969 5245 1
381090 6373 1
261369 14564 1
319798 31650 1
27525 19658 1
281695 9964 1
57765 43547 1
409792 86496 1
248919 39683 1
22729 22805 1
335807 11991 1
100061 5259 1
140389 349 1
451203 265613 1
106192 14454 1
361646 31650 1
50218 50276 1
343264 50361 1
408202 63856 1
85103 159009 1
228992 115382 1
13676 3239 1
21849 91948 1
136594 1988 8
27435 1230 1
232761 2138 1
455657 762 1
430811 31248 1
127429 90907 1
191358 268570 1
130039 142960 1
292033 7698 1
89638 3969 1
347520 272397 1
316063 80245 1
196385 88 2
63205 14611 1
242606 247335 1
207976 7423 1
19204 677 2
275657 124850 1
310769 14664 1
6587 8135 1
37483 88 1