128652 47794 1
234653 16801 1
313727 216 2
9389 28664 1
254434 4526 1
174830 8208 1
273359 129069 1
212288 42182 1
317353 96469 1
66669 128773 1
4322 20385 1
95989 21017 1
328667 677 1
332203 14454 1
46437 12013 1
162066 301504 1
35144 14577 1
236719 2874 1
219814 9964 1
321121 212069 1
22479 1553 1
296688 6897 1
17436 2567 1
409236 356 1
402058 11991 1
52418 310 1
307924 3571 1
16801 3998 1
372746 88 2
427576 891 1
65173 235766 1
274612 26051 1
40848 2166 1
361440 519 1
58492 957 1
253959 69237 1
70934 18285 1
15436 26 1
343459 16344 1
128709 113238 1
56272 14557 1
118430 16783 1
293594 12951 1
324927 47794 1
393462 22823 1
69251 40797 1
195798 979 1
445574 239782 1
60952 8767 1
360468 16537 1 